2
3
5
6
9
10
12
13
17
18
19
21
23
26
27
34
35
36
41
43
44
45
47
51
54
56
58
60
62
72
74
78
81
83
86
88
93
98
100
101
102
104
106
108
111
113
115
120
122
124
125
126
128
129
130
132
133
134
138
141
143
145
148
149
152
153
159
161
162
163
164
168
171
172
173
175
179
181
182
183
185
186
189
190
194
197
198
200
201
202
204
207
208
210
214
216
218
221
223
224
227
229
230
235
237
240
242
243
244
245
247
248
249
254
257
258
260
263
264
267
268
269
271
272
274
278
279
281
282
283
286
289
290
291
292
296
299
300
303
305
308
320
321
323
328
331
332
333
334
335
337
338
339
341
343
344
346
347
349
353
355
360
362
366
367
371
374
380
382
383
384
385
387
388
389
393
396
399
400
402
403
408
412
418
421
422
424
430
431
433
436
440
442
445
446
449
450
451
452
453
454
455
461
462
463
472
480
483
485
486
488
490
491
493
496
497
498
499
500
503
507
511
513
514
515
523
525
527
530
532
533
536
537
540
542
543
547
549
550
551
552
554
555
558
560
563
564
566
567
568
570
571
574
575
577
578
584
585
586
587
588
590
591
593
594
595
597
600
602
604
607
608
609
610
615
617
618
619
621
622
625
629
635
639
641
643
644
646
648
652
653
654
655
658
659
661
663
664
668
669
673
674
675
677
678
681
682
683
685
687
690
694
698
707
708
714
715
717
722
723
724
725
728
731
737
742
745
748
752
757
759
760
761
764
766
767
770
772
773
774
776
777
779
780
781
782
786
790
792
793
794
795
796
797
799
800
803
805
808
809
812
814
818
821
823
824
827
830
833
834
838
839
841
842
843
846
848
849
851
854
856
858
859
860
863
864
865
866
867
868
869
871
872
873
874
875
877
879
880
882
885
888
890
891
893
896
900
901
905
907
911
912
915
916
917
920
921
925
926
927
930
935
937
943
944
945
949
950
951
952
955
957
962
964
965
969
971
972
973
974
976
977
978
979
980
982
984
985
986
989
990
993
996
997
1001
1004
1005
1006
1008
1011
1014
1015
1016
1017
1018
1020
1023
1025
1027
1028
1029
1031
1032
1035
1036
1037
1040
1041
1042
1044
1046
1047
1051
1053
1056
1058
1060
1061
1062
1063
1064
1065
1066
1070
1073
1074
1077
1078
1082
1083
1084
1086
1087
1088
1090
1092
1094
1096
1102
1104
1105
1114
1120
1122
1123
1124
1127
1128
1131
1135
1138
1141
1142
1144
1147
1149
1150
1151
1153
1155
1156
1161
1163
1164
1168
1173
1178
1180
1181
1183
1185
1189
1191
1193
1194
1195
1197
1199
1200
1201
1202
1203
1204
1206
1208
1213
1214
1215
1216
1220
1222
1223
1224
1226
1227
1228
1233
1241
1242
1243
1245
1247
1248
1250
1254
1255
1256
1262
1263
1265
1266
1267
1268
1270
1271
1272
1273
1274
1275
1276
1278
1279
1280
1281
1282
1284
1288
1289
1293
1294
1295
1296
1297
1299
1301
1302
1305
1306
1307
1308
1311
1312
1317
1320
1321
1322
1324
1326
1328
1335
1337
1338
1340
1341
1342
1345
1348
1352
1354
1355
1356
1358
1359
1360
1361
1367
1369
1371
1374
1375
1380
1381
1382
1383
1384
1386
1387
1388
1389
1391
1392
1393
1394
1396
1397
1398
1399
1400
1401
1406
1408
1416
1419
1420
1421
1424
1426
1427
1428
1429
1430
1432
1433
1434
1438
1440
1441
1444
1445
1446
1447
1449
1452
1457
1458
1461
1462
1464
1465
1469
1470
1471
1478
1480
1483
1486
1487
1488
1490
1495
1496
1497
1499
1500
1503
1505
1506
1510
1512
1514
1515
1517
1519
1520
1521
1522
1523
1524
1526
1527
1530
1532
1533
1535
1539
1540
1541
1542
1543
1544
1545
1547
1549
1550
1554
1555
1556
1557
1559
1562
1565
1566
1567
1568
1571
1572
1577
1578
1580
1581
1585
1594
1595
1596
1597
1599
1600
1603
1606
1608
1610
1611
1613
1614
1615
1620
1623
1628
1629
1635
1638
1639
1640
1643
1645
1647
1650
1651
1652
1653
1655
1658
1660
1661
1662
1664
1665
1666
1667
1672
1673
1674
1677
1678
1680
1683
1684
1686
1687
1688
1690
1691
1692
1693
1698
1699
1701
1702
1703
1705
1707
1710
1711
1712
1713
1714
1715
1717
1718
1719
1720
1722
1723
1724
1725
1726
1731
1732
1734
1736
1738
1740
1747
1749
1750
1753
1754
1756
1758
1759
1762
1763
1764
1765
1766
1768
1769
1771
1772
1774
1775
1777
1778
1780
1783
1785
1786
1788
1791
1792
1793
1794
1796
1797
1800
1801
1802
1803
1806
1809
1810
1815
1818
1819
1820
1829
1831
1832
1833
1837
1840
1844
1848
1850
1851
1853
1855
1856
1857
1859
1864
1866
1868
1871
1872
1875
1878
1880
1881
1882
1884
1885
1887
1888
1889
1892
1893
1895
1896
1898
1899
1900
1902
1904
1909
1910
1915
1917
1918
1919
1921
1922
1923
1926
1928
1929
1931
1933
1934
1936
1938
1941
1942
1943
1948
1949
1950
1954
1955
1960
1961
1962
1964
1966
1967
1969
1971
1980
1981
1982
1983
1986
1989
1991
1992
1995
1996
2000
2002
2003
2007
2010
2011
2015
2017
2018
2019
2020
2021
2023
2024
2025
2026
2027
2028
2029
2031
2032
2033
2036
2037
2045
2047
2050
2053
2056
2057
2058
2059
2062
2063
2068
2069
2070
2073
2075
2076
2077
2078
2082
2083
2084
2085
2086
2090
2095
2096
2098
2103
2104
2105
2107
2113
2114
2115
2118
2119
2123
2124
2127
2128
2132
2133
2138
2140
2145
2146
2148
2150
2152
2153
2157
2158
2159
2162
2164
2168
2169
2170
2172
2175
2176
2177
2178
2180
2182
2183
2184
2187
2189
2191
2192
2193
2194
2196
2201
2202
2204
2205
2206
2208
2210
2213
2218
2219
2224
2225
2226
2233
2234
2242
2243
2246
2249
2255
2256
2258
2259
2260
2262
2265
2267
2270
2271
2275
2282
2283
2285
2286
2287
2293
2295
2296
2297
2298
2299
2300
2302
2303
2304
2305
2307
2315
2316
2321
2322
2325
2327
2330
2331
2333
2341
2342
2344
2345
2346
2352
2354
2356
2357
2360
2361
2362
2363
2366
2368
2370
2371
2378
2379
2381
2382
2384
2385
2388
2390
2391
2392
2395
2397
2398
2403
2409
2410
2414
2415
2416
2418
2421
2423
2428
2430
2433
2434
2436
2437
2440
2441
2444
2445
2446
2451
2453
2455
2460
2462
2463
2473
2475
2476
2480
2483
2484
2489
2490
2492
2494
2497
2498
2500
2502
2505
2506
2509
2510
2511
2512
2519
2521
2525
2526
2528
2533
2536
2538
2539
2540
2541
2546
2551
2552
2554
2555
2559
2560
2561
2562
2568
2570
2571
2580
2582
2583
2585
2588
2589
2590
2591
2592
2595
2597
2604
2605
2606
2608
2609
2611
2613
2615
2617
2623
2624
2625
2627
2628
2629
2631
2632
2634
2638
2640
2643
2644
2645
2650
2651
2655
2656
2661
2665
2667
2668
2669
2670
2674
2676
2678
2680
2682
2683
2684
2687
2688
2689
2692
2694
2695
2696
2697
2701
2702
2703
2704
2705
2707
2709
2712
2713
2714
2717
2718
2719
2721
2724
2725
2727
2731
2732
2735
2736
2739
2744
2748
2751
2752
2754
2757
2760
2766
2767
2774
2775
2776
2780
2781
2782
2783
2788
2793
2795
2796
2798
2799
2803
2804
2807
2808
2810
2811
2817
2820
2821
2822
2823
2824
2827
2830
2834
2844
2845
2847
2848
2851
2852
2853
2854
2855
2856
2860
2862
2863
2864
2866
2867
2868
2869
2872
2873
2875
2877
2879
2881
2883
2884
2886
2887
2888
2893
2896
2897
2901
2902
2903
2907
2908
2909
2910
2912
2914
2916
2919
2920
2924
2928
2930
2932
2935
2938
2940
2945
2946
2952
2955
2956
2957
2959
2962
2963
2968
2969
2975
2976
2983
2987
2988
2991
2992
2993
2994
2996
2997
3002
3006
3008
3010
3013
3014
3015
3018
3020
3022
3023
3024
3026
3028
3029
3031
3034
3036
3038
3039
3040
3043
3045
3046
3049
3050
3052
3053
3059
3060
3062
3066
3070
3072
3074
3076
3078
3080
3082
3083
3084
3085
3087
3088
3093
3096
3097
3098
3103
3107
3113
3114
3116
3117
3118
3120
3121
3122
3123
3125
3126
3127
3129
3131
3137
3139
3140
3141
3144
3145
3146
3148
3151
3152
3154
3155
3156
3158
3164
3165
3170
3172
3173
3174
3180
3181
3182
3184
3187
3189
3190
3194
3195
3196
3197
3198
3199
3201
3203
3205
3206
3207
3212
3215
3216
3220
3224
3225
3226
3230
3231
3233
3234
3236
3238
3241
3243
3249
3250
3252
3255
3260
3261
3262
3264
3267
3268
3270
3271
3273
3278
3279
3283
3284
3286
3287
3288
3289
3290
3291
3292
3294
3296
3300
3302
3304
3305
3308
3309
3312
3314
3315
3316
3317
3318
3319
3323
3324
3326
3327
3332
3333
3334
3335
3342
3343
3344
3345
3347
3348
3349
3352
3354
3356
3359
3360
3361
3362
3366
3367
3369
3372
3375
3377
3380
3381
3383
3384
3385
3386
3387
3391
3394
3400
3402
3405
3407
3409
3410
3412
3414
3416
3417
3418
3419
3422
3423
3426
3427
3432
3433
3435
3439
3442
3443
3444
3445
3446
3451
3453
3454
3457
3458
3459
3461
3464
3466
3468
3469
3470
3472
3473
3475
3478
3480
3481
3484
3485
3490
3493
3495
3497
3498
3503
3504
3505
3509
3511
3512
3513
3514
3515
3517
3519
3520
3522
3526
3527
3528
3530
3532
3536
3537
3542
3547
3549
3551
3554
3555
3557
3559
3561
3563
3565
3566
3567
3568
3569
3571
3572
3573
3574
3575
3576
3579
3580
3582
3583
3588
3589
3590
3594
3601
3602
3603
3605
3607
3609
3615
3616
3617
3622
3625
3626
3630
3632
3636
3639
3641
3642
3643
3644
3649
3657
3658
3659
3660
3661
3667
3671
3672
3674
3677
3679
3684
3685
3688
3693
3694
3695
3696
3698
3700
3701
3702
3705
3707
3708
3709
3710
3712
3716
3717
3721
3725
3727
3729
3730
3731
3732
3733
3735
3736
3738
3743
3744
3750
3751
3753
3755
3756
3759
3760
3764
3766
3767
3769
3774
3777
3780
3781
3783
3787
3788
3790
3792
3793
3794
3795
3796
3804
3805
3806
3807
3809
3811
3812
3815
3817
3818
3819
3820
3821
3823
3824
3825
3826
3827
3828
3829
3831
3832
3837
3838
3840
3841
3842
3843
3849
3851
3852
3854
3855
3857
3859
3862
3863
3864
3867
3868
3872
3873
3888
3890
3891
3892
3895
3898
3899
3900
3901
3902
3903
3904
3905
3906
3912
3915
3919
3921
3924
3925
3926
3927
3928
3930
3931
3932
3936
3940
3941
3942
3948
3949
3953
3954
3955
3958
3959
3961
3964
3965
3969
3971
3972
3977
3978
3980
3981
3982
3983
3988
3989
3990
3991
3992
3993
3997
3999
4000
4005
4007
4012
4013
4014
4017
4020
4021
4023
4024
4025
4027
4028
4029
4030
4032
4035
4041
4042
4046
4048
4049
4055
4060
4061
4064
4066
4067
4069
4070
4071
4073
4074
4080
4084
4086
4088
4090
4091
4093
4098
4099
4100
4103
4106
4107
4108
4110
4112
4115
4117
4122
4123
4127
4128
4131
4132
4137
4138
4139
4140
4144
4146
4147
4148
4150
4152
4153
4154
4155
4156
4158
4159
4160
4162
4164
4166
4168
4172
4173
4177
4178
4179
4180
4181
4182
4186
4189
4191
4192
4193
4194
4195
4203
4205
4206
4207
4208
4209
4211
4212
4214
4215
4217
4218
4220
4221
4224
4226
4227
4234
4235
4237
4238
4239
4241
4243
4244
4246
4249
4250
4253
4254
4255
4258
4259
4260
4261
4262
4265
4269
4272
4275
4276
4278
4284
4287
4292
4293
4294
4296
4297
4298
4299
4301
4302
4306
4307
4308
4309
4310
4312
4315
4320
4323
4324
4327
4328
4329
4330
4331
4334
4336
4337
4342
4343
4345
4346
4347
4348
4352
4354
4357
4359
4362
4363
4366
4368
4370
4372
4377
4379
4380
4383
4386
4390
4391
4394
4396
4398
4399
4401
4402
4404
4405
4408
4409
4410
4411
4413
4415
4417
4420
4424
4425
4428
4429
4430
4431
4432
4434
4435
4437
4439
4440
4442
4443
4444
4448
4449
4450
4451
4452
4457
4458
4461
4462
4463
4467
4469
4473
4474
4475
4477
4480
4481
4484
4488
4490
4491
4493
4496
4500
4503
4505
4508
4510
4514
4515
4516
4521
4522
4523
4529
4530
4532
4533
4534
4536
4540
4542
4543
4546
4547
4548
4549
4551
4553
4555
4556
4559
4560
4561
4562
4563
4565
4569
4570
4571
4573
4574
4577
4581
4584
4588
4594
4596
4600
4603
4604
4606
4607
4609
4610
4611
4614
4615
4616
4617
4620
4623
4625
4627
4628
4631
4633
4635
4636
4638
4644
4651
4652
4654
4656
4659
4661
4663
4668
4670
4671
4675
4676
4677
4678
4680
4683
4684
4687
4688
4690
4691
4692
4694
4695
4696
4697
4698
4700
4701
4704
4705
4707
4710
4711
4712
4713
4714
4715
4717
4718
4723
4724
4727
4729
4730
4731
4732
4733
4734
4737
4738
4739
4740
4744
4745
4747
4748
4755
4756
4757
4758
4759
4762
4763
4764
4765
4768
4769
4775
4778
4779
4784
4785
4788
4789
4790
4791
4793
4794
4795
4796
4798
4799
4800
4802
4804
4805
4806
4807
4809
4810
4811
4812
4813
4817
4818
4819
4821
4822
4823
4825
4826
4827
4830
4836
4838
4839
4840
4842
4843
4844
4847
4848
4849
4850
4852
4853
4856
4865
4866
4867
4868
4869
4872
4874
4876
4877
4878
4879
4880
4883
4884
4885
4891
4893
4897
4898
4899
4900
4901
4903
4913
4914
4916
4917
4919
4920
4922
4923
4927
4928
4930
4931
4933
4936
4940
4943
4944
4947
4951
4954
4955
4958
4961
4962
4966
4967
4968
4969
4970
4971
4973
4977
4984
4986
4988
4990
4998
4999
5002
5005
5011
5013
5015
5017
5018
5020
5022
5023
5025
5027
5031
5032
5033
5034
5036
5040
5046
5048
5053
5054
5057
5060
5062
5064
5065
5067
5070
5071
5073
5074
5075
5077
5078
5079
5082
5085
5086
5087
5089
5090
5091
5095
5096
5097
5101
5105
5106
5107
5108
5110
5111
5112
5114
5116
5120
5121
5122
5125
5126
5127
5133
5134
5135
5138
5139
5142
5143
5144
5145
5148
5149
5151
5152
5153
5155
5160
5164
5165
5175
5176
5178
5182
5185
5186
5187
5188
5189
5190
5191
5193
5194
5198
5200
5203
5208
5211
5212
5215
5219
5221
5222
5223
5226
5229
5230
5232
5234
5236
5241
5244
5250
5253
5255
5257
5260
5261
5263
5265
5269
5270
5272
5274
5278
5284
5289
5290
5291
5292
5293
5294
5297
5298
5300
5304
5305
5306
5307
5308
5309
5314
5315
5317
5318
5319
5320
5321
5323
5325
5329
5332
5335
5336
5337
5338
5339
5341
5342
5345
5346
5347
5348
5353
5359
5360
5362
5364
5366
5370
5372
5373
5375
5376
5378
5386
5387
5388
5393
5394
5396
5397
5398
5403
5404
5410
5411
5417
5423
5426
5429
5430
5431
5433
5435
5437
5440
5445
5447
5448
5450
5451
5455
5459
5460
5462
5464
5469
5471
5477
5478
5482
5484
5487
5489
5493
5494
5496
5497
5498
5500
5505
5506
5507
5511
5513
5515
5517
5519
5520
5524
5525
5529
5533
5536
5537
5539
5541
5542
5546
5548
5550
5553
5554
5556
5558
5559
5562
5566
5571
5578
5580
5582
5583
5585
5589
5591
5593
5594
5596
5597
5601
5602
5603
5604
5607
5612
5615
5616
5618
5620
5621
5623
5625
5627
5629
5631
5635
5636
5639
5641
5645
5646
5648
5651
5652
5654
5655
5659
5660
5661
5664
5666
5669
5670
5672
5675
5680
5683
5684
5686
5687
5694
5695
5700
5702
5703
5705
5708
5709
5712
5713
5716
5718
5721
5725
5728
5729
5730
5731
5732
5733
5734
5736
5738
5739
5740
5741
5742
5744
5746
5748
5752
5754
5757
5758
5760
5761
5763
5764
5768
5769
5771
5772
5773
5775
5776
5777
5784
5786
5788
5789
5790
5792
5795
5796
5797
5798
5799
5800
5805
5806
5809
5810
5811
5813
5815
5816
5817
5820
5825
5826
5827
5828
5829
5830
5834
5835
5837
5838
5842
5843
5845
5846
5847
5850
5852
5855
5859
5862
5863
5864
5866
5867
5872
5874
5877
5878
5879
5881
5882
5883
5887
5888
5889
5896
5897
5898
5900
5901
5903
5904
5905
5907
5909
5911
5918
5921
5922
5923
5924
5926
5930
5931
5933
5935
5936
5939
5940
5941
5942
5943
5944
5945
5947
5954
5955
5957
5960
5961
5962
5964
5966
5971
5972
5973
5974
5976
5977
5978
5979
5980
5982
5983
5986
5987
5989
5990
5991
5993
5994
5999
6000
6003
6004
6007
6008
6009
6011
6012
6014
6021
6022
6023
6025
6027
6030
6032
6036
6039
6040
6041
6045
6050
6052
6058
6060
6061
6062
6063
6064
6069
6073
6077
6078
6079
6084
6085
6086
6087
6088
6089
6090
6091
6094
6099
6100
6101
6102
6103
6104
6106
6108
6111
6112
6114
6115
6117
6119
6122
6124
6126
6129
6132
6133
6135
6137
6138
6140
6141
6142
6144
6147
6148
6149
6150
6158
6161
6164
6166
6167
6169
6170
6171
6172
6176
6178
6179
6180
6181
6183
6188
6189
6190
6192
6193
6195
6198
6199
6201
6206
6209
6210
6213
6214
6216
6217
6218
6223
6224
6226
6227
6228
6229
6231
6232
6234
6235
6239
6240
6242
6243
6247
6248
6249
6251
6252
6254
6255
6261
6262
6267
6269
6271
6273
6274
6276
6277
6281
6283
6285
6287
6288
6290
6291
6292
6293
6294
6295
6301
6304
6308
6309
6311
6312
6313
6316
6317
6323
6326
6330
6331
6332
6334
6336
6337
6338
6339
6340
6342
6344
6346
6348
6351
6358
6359
6360
6362
6364
6366
6371
6373
6375
6376
6379
6381
6383
6388
6391
6394
6397
6399
6400
6401
6402
6403
6406
6408
6410
6414
6417
6418
6419
6420
6421
6423
6424
6427
6433
6435
6441
6443
6450
6452
6456
6459
6460
6461
6462
6463
6464
6466
6468
6471
6472
6473
6474
6475
6476
6477
6478
6479
6480
6483
6486
6492
6497
6498
6501
6504
6507
6508
6511
