0
1
4
7
8
11
14
15
16
20
22
24
25
28
29
30
31
32
33
37
38
39
40
42
46
48
49
50
52
53
55
57
59
61
63
64
65
66
67
68
69
70
71
73
75
76
77
79
80
82
84
85
87
89
90
91
92
94
95
96
97
99
103
105
107
109
110
112
114
116
117
118
119
121
123
127
131
135
136
137
139
140
142
144
146
147
150
151
154
155
156
157
158
160
165
166
167
169
170
174
176
177
178
180
184
187
188
191
192
193
195
196
199
203
205
206
209
211
212
213
215
217
219
220
222
225
226
228
231
232
233
234
236
238
239
241
246
250
251
252
253
255
256
259
261
262
265
266
270
273
275
276
277
280
284
285
287
288
293
294
295
297
298
301
302
304
306
307
309
310
311
312
313
314
315
316
317
318
319
322
324
325
326
327
329
330
336
340
342
345
348
350
351
352
354
356
357
358
359
361
363
364
365
368
369
370
372
373
375
376
377
378
379
381
386
390
391
392
394
395
397
398
401
404
405
406
407
409
410
411
413
414
415
416
417
419
420
423
425
426
427
428
429
432
434
435
437
438
439
441
443
444
447
448
456
457
458
459
460
464
465
466
467
468
469
470
471
473
474
475
476
477
478
479
481
482
484
487
489
492
494
495
501
502
504
505
506
508
509
510
512
516
517
518
519
520
521
522
524
526
528
529
531
534
535
538
539
541
544
545
546
548
553
556
557
559
561
562
565
569
572
573
576
579
580
581
582
583
589
592
596
598
599
601
603
605
606
611
612
613
614
616
620
623
624
626
627
628
630
631
632
633
634
636
637
638
640
642
645
647
649
650
651
656
657
660
662
665
666
667
670
671
672
676
679
680
684
686
688
689
691
692
693
695
696
697
699
700
701
702
703
704
705
706
709
710
711
712
713
716
718
719
720
721
726
727
729
730
732
733
734
735
736
738
739
740
741
743
744
746
747
749
750
751
753
754
755
756
758
762
763
765
768
769
771
775
778
783
784
785
787
788
789
791
798
801
802
804
806
807
810
811
813
815
816
817
819
820
822
825
826
828
829
831
832
835
836
837
840
844
845
847
850
852
853
855
857
861
862
870
876
878
881
883
884
886
887
889
892
894
895
897
898
899
902
903
904
906
908
909
910
913
914
918
919
922
923
924
928
929
931
932
933
934
936
938
939
940
941
942
946
947
948
953
954
956
958
959
960
961
963
966
967
968
970
975
981
983
987
988
991
992
994
995
998
999
1000
1002
1003
1007
1009
1010
1012
1013
1019
1021
1022
1024
1026
1030
1033
1034
1038
1039
1043
1045
1048
1049
1050
1052
1054
1055
1057
1059
1067
1068
1069
1071
1072
1075
1076
1079
1080
1081
1085
1089
1091
1093
1095
1097
1098
1099
1100
1101
1103
1106
1107
1108
1109
1110
1111
1112
1113
1115
1116
1117
1118
1119
1121
1125
1126
1129
1130
1132
1133
1134
1136
1137
1139
1140
1143
1145
1146
1148
1152
1154
1157
1158
1159
1160
1162
1165
1166
1167
1169
1170
1171
1172
1174
1175
1176
1177
1179
1182
1184
1186
1187
1188
1190
1192
1196
1198
1205
1207
1209
1210
1211
1212
1217
1218
1219
1221
1225
1229
1230
1231
1232
1234
1235
1236
1237
1238
1239
1240
1244
1246
1249
1251
1252
1253
1257
1258
1259
1260
1261
1264
1269
1277
1283
1285
1286
1287
1290
1291
1292
1298
1300
1303
1304
1309
1310
1313
1314
1315
1316
1318
1319
1323
1325
1327
1329
1330
1331
1332
1333
1334
1336
1339
1343
1344
1346
1347
1349
1350
1351
1353
1357
1362
1363
1364
1365
1366
1368
1370
1372
1373
1376
1377
1378
1379
1385
1390
1395
1402
1403
1404
1405
1407
1409
1410
1411
1412
1413
1414
1415
1417
1418
1422
1423
1425
1431
1435
1436
1437
1439
1442
1443
1448
1450
1451
1453
1454
1455
1456
1459
1460
1463
1466
1467
1468
1472
1473
1474
1475
1476
1477
1479
1481
1482
1484
1485
1489
1491
1492
1493
1494
1498
1501
1502
1504
1507
1508
1509
1511
1513
1516
1518
1525
1528
1529
1531
1534
1536
1537
1538
1546
1548
1551
1552
1553
1558
1560
1561
1563
1564
1569
1570
1573
1574
1575
1576
1579
1582
1583
1584
1586
1587
1588
1589
1590
1591
1592
1593
1598
1601
1602
1604
1605
1607
1609
1612
1616
1617
1618
1619
1621
1622
1624
1625
1626
1627
1630
1631
1632
1633
1634
1636
1637
1641
1642
1644
1646
1648
1649
1654
1656
1657
1659
1663
1668
1669
1670
1671
1675
1676
1679
1681
1682
1685
1689
1694
1695
1696
1697
1700
1704
1706
1708
1709
1716
1721
1727
1728
1729
1730
1733
1735
1737
1739
1741
1742
1743
1744
1745
1746
1748
1751
1752
1755
1757
1760
1761
1767
1770
1773
1776
1779
1781
1782
1784
1787
1789
1790
1795
1798
1799
1804
1805
1807
1808
1811
1812
1813
1814
1816
1817
1821
1822
1823
1824
1825
1826
1827
1828
1830
1834
1835
1836
1838
1839
1841
1842
1843
1845
1846
1847
1849
1852
1854
1858
1860
1861
1862
1863
1865
1867
1869
1870
1873
1874
1876
1877
1879
1883
1886
1890
1891
1894
1897
1901
1903
1905
1906
1907
1908
1911
1912
1913
1914
1916
1920
1924
1925
1927
1930
1932
1935
1937
1939
1940
1944
1945
1946
1947
1951
1952
1953
1956
1957
1958
1959
1963
1965
1968
1970
1972
1973
1974
1975
1976
1977
1978
1979
1984
1985
1987
1988
1990
1993
1994
1997
1998
1999
2001
2004
2005
2006
2008
2009
2012
2013
2014
2016
2022
2030
2034
2035
2038
2039
2040
2041
2042
2043
2044
2046
2048
2049
2051
2052
2054
2055
2060
2061
2064
2065
2066
2067
2071
2072
2074
2079
2080
2081
2087
2088
2089
2091
2092
2093
2094
2097
2099
2100
2101
2102
2106
2108
2109
2110
2111
2112
2116
2117
2120
2121
2122
2125
2126
2129
2130
2131
2134
2135
2136
2137
2139
2141
2142
2143
2144
2147
2149
2151
2154
2155
2156
2160
2161
2163
2165
2166
2167
2171
2173
2174
2179
2181
2185
2186
2188
2190
2195
2197
2198
2199
2200
2203
2207
2209
2211
2212
2214
2215
2216
2217
2220
2221
2222
2223
2227
2228
2229
2230
2231
2232
2235
2236
2237
2238
2239
2240
2241
2244
2245
2247
2248
2250
2251
2252
2253
2254
2257
2261
2263
2264
2266
2268
2269
2272
2273
2274
2276
2277
2278
2279
2280
2281
2284
2288
2289
2290
2291
2292
2294
2301
2306
2308
2309
2310
2311
2312
2313
2314
2317
2318
2319
2320
2323
2324
2326
2328
2329
2332
2334
2335
2336
2337
2338
2339
2340
2343
2347
2348
2349
2350
2351
2353
2355
2358
2359
2364
2365
2367
2369
2372
2373
2374
2375
2376
2377
2380
2383
2386
2387
2389
2393
2394
2396
2399
2400
2401
2402
2404
2405
2406
2407
2408
2411
2412
2413
2417
2419
2420
2422
2424
2425
2426
2427
2429
2431
2432
2435
2438
2439
2442
2443
2447
2448
2449
2450
2452
2454
2456
2457
2458
2459
2461
2464
2465
2466
2467
2468
2469
2470
2471
2472
2474
2477
2478
2479
2481
2482
2485
2486
2487
2488
2491
2493
2495
2496
2499
2501
2503
2504
2507
2508
2513
2514
2515
2516
2517
2518
2520
2522
2523
2524
2527
2529
2530
2531
2532
2534
2535
2537
2542
2543
2544
2545
2547
2548
2549
2550
2553
2556
2557
2558
2563
2564
2565
2566
2567
2569
2572
2573
2574
2575
2576
2577
2578
2579
2581
2584
2586
2587
2593
2594
2596
2598
2599
2600
2601
2602
2603
2607
2610
2612
2614
2616
2618
2619
2620
2621
2622
2626
2630
2633
2635
2636
2637
2639
2641
2642
2646
2647
2648
2649
2652
2653
2654
2657
2658
2659
2660
2662
2663
2664
2666
2671
2672
2673
2675
2677
2679
2681
2685
2686
2690
2691
2693
2698
2699
2700
2706
2708
2710
2711
2715
2716
2720
2722
2723
2726
2728
2729
2730
2733
2734
2737
2738
2740
2741
2742
2743
2745
2746
2747
2749
2750
2753
2755
2756
2758
2759
2761
2762
2763
2764
2765
2768
2769
2770
2771
2772
2773
2777
2778
2779
2784
2785
2786
2787
2789
2790
2791
2792
2794
2797
2800
2801
2802
2805
2806
2809
2812
2813
2814
2815
2816
2818
2819
2825
2826
2828
2829
2831
2832
2833
2835
2836
2837
2838
2839
2840
2841
2842
2843
2846
2849
2850
2857
2858
2859
2861
2865
2870
2871
2874
2876
2878
2880
2882
2885
2889
2890
2891
2892
2894
2895
2898
2899
2900
2904
2905
2906
2911
2913
2915
2917
2918
2921
2922
2923
2925
2926
2927
2929
2931
2933
2934
2936
2937
2939
2941
2942
2943
2944
2947
2948
2949
2950
2951
2953
2954
2958
2960
2961
2964
2965
2966
2967
2970
2971
2972
2973
2974
2977
2978
2979
2980
2981
2982
2984
2985
2986
2989
2990
2995
2998
2999
3000
3001
3003
3004
3005
3007
3009
3011
3012
3016
3017
3019
3021
3025
3027
3030
3032
3033
3035
3037
3041
3042
3044
3047
3048
3051
3054
3055
3056
3057
3058
3061
3063
3064
3065
3067
3068
3069
3071
3073
3075
3077
3079
3081
3086
3089
3090
3091
3092
3094
3095
3099
3100
3101
3102
3104
3105
3106
3108
3109
3110
3111
3112
3115
3119
3124
3128
3130
3132
3133
3134
3135
3136
3138
3142
3143
3147
3149
3150
3153
3157
3159
3160
3161
3162
3163
3166
3167
3168
3169
3171
3175
3176
3177
3178
3179
3183
3185
3186
3188
3191
3192
3193
3200
3202
3204
3208
3209
3210
3211
3213
3214
3217
3218
3219
3221
3222
3223
3227
3228
3229
3232
3235
3237
3239
3240
3242
3244
3245
3246
3247
3248
3251
3253
3254
3256
3257
3258
3259
3263
3265
3266
3269
3272
3274
3275
3276
3277
3280
3281
3282
3285
3293
3295
3297
3298
3299
3301
3303
3306
3307
3310
3311
3313
3320
3321
3322
3325
3328
3329
3330
3331
3336
3337
3338
3339
3340
3341
3346
3350
3351
3353
3355
3357
3358
3363
3364
3365
3368
3370
3371
3373
3374
3376
3378
3379
3382
3388
3389
3390
3392
3393
3395
3396
3397
3398
3399
3401
3403
3404
3406
3408
3411
3413
3415
3420
3421
3424
3425
3428
3429
3430
3431
3434
3436
3437
3438
3440
3441
3447
3448
3449
3450
3452
3455
3456
3460
3462
3463
3465
3467
3471
3474
3476
3477
3479
3482
3483
3486
3487
3488
3489
3491
3492
3494
3496
3499
3500
3501
3502
3506
3507
3508
3510
3516
3518
3521
3523
3524
3525
3529
3531
3533
3534
3535
3538
3539
3540
3541
3543
3544
3545
3546
3548
3550
3552
3553
3556
3558
3560
3562
3564
3570
3577
3578
3581
3584
3585
3586
3587
3591
3592
3593
3595
3596
3597
3598
3599
3600
3604
3606
3608
3610
3611
3612
3613
3614
3618
3619
3620
3621
3623
3624
3627
3628
3629
3631
3633
3634
3635
3637
3638
3640
3645
3646
3647
3648
3650
3651
3652
3653
3654
3655
3656
3662
3663
3664
3665
3666
3668
3669
3670
3673
3675
3676
3678
3680
3681
3682
3683
3686
3687
3689
3690
3691
3692
3697
3699
3703
3704
3706
3711
3713
3714
3715
3718
3719
3720
3722
3723
3724
3726
3728
3734
3737
3739
3740
3741
3742
3745
3746
3747
3748
3749
3752
3754
3757
3758
3761
3762
3763
3765
3768
3770
3771
3772
3773
3775
3776
3778
3779
3782
3784
3785
3786
3789
3791
3797
3798
3799
3800
3801
3802
3803
3808
3810
3813
3814
3816
3822
3830
3833
3834
3835
3836
3839
3844
3845
3846
3847
3848
3850
3853
3856
3858
3860
3861
3865
3866
3869
3870
3871
3874
3875
3876
3877
3878
3879
3880
3881
3882
3883
3884
3885
3886
3887
3889
3893
3894
3896
3897
3907
3908
3909
3910
3911
3913
3914
3916
3917
3918
3920
3922
3923
3929
3933
3934
3935
3937
3938
3939
3943
3944
3945
3946
3947
3950
3951
3952
3956
3957
3960
3962
3963
3966
3967
3968
3970
3973
3974
3975
3976
3979
3984
3985
3986
3987
3994
3995
3996
3998
4001
4002
4003
4004
4006
4008
4009
4010
4011
4015
4016
4018
4019
4022
4026
4031
4033
4034
4036
4037
4038
4039
4040
4043
4044
4045
4047
4050
4051
4052
4053
4054
4056
4057
4058
4059
4062
4063
4065
4068
4072
4075
4076
4077
4078
4079
4081
4082
4083
4085
4087
4089
4092
4094
4095
4096
4097
4101
4102
4104
4105
4109
4111
4113
4114
4116
4118
4119
4120
4121
4124
4125
4126
4129
4130
4133
4134
4135
4136
4141
4142
4143
4145
4149
4151
4157
4161
4163
4165
4167
4169
4170
4171
4174
4175
4176
4183
4184
4185
4187
4188
4190
4196
4197
4198
4199
4200
4201
4202
4204
4210
4213
4216
4219
4222
4223
4225
4228
4229
4230
4231
4232
4233
4236
4240
4242
4245
4247
4248
4251
4252
4256
4257
4263
4264
4266
4267
4268
4270
4271
4273
4274
4277
4279
4280
4281
4282
4283
4285
4286
4288
4289
4290
4291
4295
4300
4303
4304
4305
4311
4313
4314
4316
4317
4318
4319
4321
4322
4325
4326
4332
4333
4335
4338
4339
4340
4341
4344
4349
4350
4351
4353
4355
4356
4358
4360
4361
4364
4365
4367
4369
4371
4373
4374
4375
4376
4378
4381
4382
4384
4385
4387
4388
4389
4392
4393
4395
4397
4400
4403
4406
4407
4412
4414
4416
4418
4419
4421
4422
4423
4426
4427
4433
4436
4438
4441
4445
4446
4447
4453
4454
4455
4456
4459
4460
4464
4465
4466
4468
4470
4471
4472
4476
4478
4479
4482
4483
4485
4486
4487
4489
4492
4494
4495
4497
4498
4499
4501
4502
4504
4506
4507
4509
4511
4512
4513
4517
4518
4519
4520
4524
4525
4526
4527
4528
4531
4535
4537
4538
4539
4541
4544
4545
4550
4552
4554
4557
4558
4564
4566
4567
4568
4572
4575
4576
4578
4579
4580
4582
4583
4585
4586
4587
4589
4590
4591
4592
4593
4595
4597
4598
4599
4601
4602
4605
4608
4612
4613
4618
4619
4621
4622
4624
4626
4629
4630
4632
4634
4637
4639
4640
4641
4642
4643
4645
4646
4647
4648
4649
4650
4653
4655
4657
4658
4660
4662
4664
4665
4666
4667
4669
4672
4673
4674
4679
4681
4682
4685
4686
4689
4693
4699
4702
4703
4706
4708
4709
4716
4719
4720
4721
4722
4725
4726
4728
4735
4736
4741
4742
4743
4746
4749
4750
4751
4752
4753
4754
4760
4761
4766
4767
4770
4771
4772
4773
4774
4776
4777
4780
4781
4782
4783
4786
4787
4792
4797
4801
4803
4808
4814
4815
4816
4820
4824
4828
4829
4831
4832
4833
4834
4835
4837
4841
4845
4846
4851
4854
4855
4857
4858
4859
4860
4861
4862
4863
4864
4870
4871
4873
4875
4881
4882
4886
4887
4888
4889
4890
4892
4894
4895
4896
4902
4904
4905
4906
4907
4908
4909
4910
4911
4912
4915
4918
4921
4924
4925
4926
4929
4932
4934
4935
4937
4938
4939
4941
4942
4945
4946
4948
4949
4950
4952
4953
4956
4957
4959
4960
4963
4964
4965
4972
4974
4975
4976
4978
4979
4980
4981
4982
4983
4985
4987
4989
4991
4992
4993
4994
4995
4996
4997
5000
5001
5003
5004
5006
5007
5008
5009
5010
5012
5014
5016
5019
5021
5024
5026
5028
5029
5030
5035
5037
5038
5039
5041
5042
5043
5044
5045
5047
5049
5050
5051
5052
5055
5056
5058
5059
5061
5063
5066
5068
5069
5072
5076
5080
5081
5083
5084
5088
5092
5093
5094
5098
5099
5100
5102
5103
5104
5109
5113
5115
5117
5118
5119
5123
5124
5128
5129
5130
5131
5132
5136
5137
5140
5141
5146
5147
5150
5154
5156
5157
5158
5159
5161
5162
5163
5166
5167
5168
5169
5170
5171
5172
5173
5174
5177
5179
5180
5181
5183
5184
5192
5195
5196
5197
5199
5201
5202
5204
5205
5206
5207
5209
5210
5213
5214
5216
5217
5218
5220
5224
5225
5227
5228
5231
5233
5235
5237
5238
5239
5240
5242
5243
5245
5246
5247
5248
5249
5251
5252
5254
5256
5258
5259
5262
5264
5266
5267
5268
5271
5273
5275
5276
5277
5279
5280
5281
5282
5283
5285
5286
5287
5288
5295
5296
5299
5301
5302
5303
5310
5311
5312
5313
5316
5322
5324
5326
5327
5328
5330
5331
5333
5334
5340
5343
5344
5349
5350
5351
5352
5354
5355
5356
5357
5358
5361
5363
5365
5367
5368
5369
5371
5374
5377
5379
5380
5381
5382
5383
5384
5385
5389
5390
5391
5392
5395
5399
5400
5401
5402
5405
5406
5407
5408
5409
5412
5413
5414
5415
5416
5418
5419
5420
5421
5422
5424
5425
5427
5428
5432
5434
5436
5438
5439
5441
5442
5443
5444
5446
5449
5452
5453
5454
5456
5457
5458
5461
5463
5465
5466
5467
5468
5470
5472
5473
5474
5475
5476
5479
5480
5481
5483
5485
5486
5488
5490
5491
5492
5495
5499
5501
5502
5503
5504
5508
5509
5510
5512
5514
5516
5518
5521
5522
5523
5526
5527
5528
5530
5531
5532
5534
5535
5538
5540
5543
5544
5545
5547
5549
5551
5552
5555
5557
5560
5561
5563
5564
5565
5567
5568
5569
5570
5572
5573
5574
5575
5576
5577
5579
5581
5584
5586
5587
5588
5590
5592
5595
5598
5599
5600
5605
5606
5608
5609
5610
5611
5613
5614
5617
5619
5622
5624
5626
5628
5630
5632
5633
5634
5637
5638
5640
5642
5643
5644
5647
5649
5650
5653
5656
5657
5658
5662
5663
5665
5667
5668
5671
5673
5674
5676
5677
5678
5679
5681
5682
5685
5688
5689
5690
5691
5692
5693
5696
5697
5698
5699
5701
5704
5706
5707
5710
5711
5714
5715
5717
5719
5720
5722
5723
5724
5726
5727
5735
5737
5743
5745
5747
5749
5750
5751
5753
5755
5756
5759
5762
5765
5766
5767
5770
5774
5778
5779
5780
5781
5782
5783
5785
5787
5791
5793
5794
5801
5802
5803
5804
5807
5808
5812
5814
5818
5819
5821
5822
5823
5824
5831
5832
5833
5836
5839
5840
5841
5844
5848
5849
5851
5853
5854
5856
5857
5858
5860
5861
5865
5868
5869
5870
5871
5873
5875
5876
5880
5884
5885
5886
5890
5891
5892
5893
5894
5895
5899
5902
5906
5908
5910
5912
5913
5914
5915
5916
5917
5919
5920
5925
5927
5928
5929
5932
5934
5937
5938
5946
5948
5949
5950
5951
5952
5953
5956
5958
5959
5963
5965
5967
5968
5969
5970
5975
5981
5984
5985
5988
5992
5995
5996
5997
5998
6001
6002
6005
6006
6010
6013
6015
6016
6017
6018
6019
6020
6024
6026
6028
6029
6031
6033
6034
6035
6037
6038
6042
6043
6044
6046
6047
6048
6049
6051
6053
6054
6055
6056
6057
6059
6065
6066
6067
6068
6070
6071
6072
6074
6075
6076
6080
6081
6082
6083
6092
6093
6095
6096
6097
6098
6105
6107
6109
6110
6113
6116
6118
6120
6121
6123
6125
6127
6128
6130
6131
6134
6136
6139
6143
6145
6146
6151
6152
6153
6154
6155
6156
6157
6159
6160
6162
6163
6165
6168
6173
6174
6175
6177
6182
6184
6185
6186
6187
6191
6194
6196
6197
6200
6202
6203
6204
6205
6207
6208
6211
6212
6215
6219
6220
6221
6222
6225
6230
6233
6236
6237
6238
6241
6244
6245
6246
6250
6253
6256
6257
6258
6259
6260
6263
6264
6265
6266
6268
6270
6272
6275
6278
6279
6280
6282
6284
6286
6289
6296
6297
6298
6299
6300
6302
6303
6305
6306
6307
6310
6314
6315
6318
6319
6320
6321
6322
6324
6325
6327
6328
6329
6333
6335
6341
6343
6345
6347
6349
6350
6352
6353
6354
6355
6356
6357
6361
6363
6365
6367
6368
6369
6370
6372
6374
6377
6378
6380
6382
6384
6385
6386
6387
6389
6390
6392
6393
6395
6396
6398
6404
6405
6407
6409
6411
6412
6413
6415
6416
6422
6425
6426
6428
6429
6430
6431
6432
6434
6436
6437
6438
6439
6440
6442
6444
6445
6446
6447
6448
6449
6451
6453
6454
6455
6457
6458
6465
6467
6469
6470
6481
6482
6484
6485
6487
6488
6489
6490
6491
6493
6494
6495
6496
6499
6500
6502
6503
6505
6506
6509
6510
